1 5 6 7 8
2 0 3 3 6
2 0 12 2 16
2 5 6 8 9
3 0 6 1 9
3 4 5 8 8
4 4 5 7 9
5 4 6 7 8
6 5 6 7 8
7 5 6 7 8
8 5 6 7 8
9 4 6 7 8
10 5 6 7 8
11 4 6 7 9
12 4 6 7 8
13 4 6 7 8
13 9 0 13 2
14 4 6 7 8
14 9 0 13 4
15 5 6 7 9
15 10 2 13 5
16 4 6 7 8
16 9 0 13 5
17 5 6 7 8
17 10 3 13 6
18 5 6 7 8
18 10 3 13 6
18 11 0 13 2
19 3 1 6 4
19 4 6 7 8
19 10 3 13 6
20 2 3 5 6
20 5 6 7 8
20 10 3 13 6
21 0 8 1 10
21 5 6 7 8
21 10 2 13 6
22 4 6 7 8
22 11 0 13 2
22 11 3 13 6
23 5 6 7 8
23 11 0 13 2
24 4 6 7 8
24 10 3 13 6
24 11 0 13 2
25 9 1 13 6
26 4 6 7 8
26 9 2 11 5
26 11 1 13 4
27 4 6 7 8
27 9 1 13 5
28 4 6 7 8
28 8 0 13 4
29 4 6 7 9
29 8 2 11 5
29 10 1 13 4
30 5 6 7 8
30 8 1 13 4
31 4 6 7 9
31 8 1 13 5
32 4 6 7 9
32 8 1 13 4
33 5 6 7 8
33 9 2 11 5
33 10 0 13 4
34 5 6 7 8
34 8 1 13 4
35 4 6 7 8
35 9 2 11 4
35 11 1 13 3
36 4 6 7 9
36 8 2 11 5
36 10 0 13 4
37 4 6 7 8
37 8 0 13 4
38 4 6 7 8
38 7 0 13 4
39 4 6 7 8
39 7 1 13 4
40 4 6 7 8
40 6 1 9 4
40 10 0 13 4
41 0 12 3 16
41 3 1 6 4
41 4 5 7 8
41 8 1 11 4
42 3 1 6 4
42 4 4 7 7
43 0 12 3 16
43 3 1 6 4
43 4 4 7 7
43 8 1 11 4
44 0 12 3 16
44 3 0 6 3
44 4 4 7 7
44 4 3 6 4
44 8 1 12 5
45 0 12 3 16
45 3 0 6 3
45 4 4 7 7
45 8 1 11 5
46 0 13 5 16
46 2 12 3 13
46 3 0 6 3
46 4 4 8 7
46 8 0 13 5
47 0 12 5 16
47 3 0 6 3
47 4 4 8 7
47 4 8 5 9
48 0 12 3 16
48 3 0 6 3
48 5 4 7 7
48 9 1 12 4
49 0 12 5 16
49 2 0 7 3
49 4 4 8 7
49 10 1 13 6
49 8 0 11 5
50 0 12 3 16
50 2 0 6 3
50 4 4 8 7
50 9 1 13 5
51 0 12 5 16
51 2 0 7 3
51 4 4 8 7
51 9 0 13 5
52 0 12 3 16
52 2 0 6 3
52 4 4 7 7
52 9 1 12 4
53 3 0 6 3
53 4 4 7 7
54 0 12 5 16
54 2 0 6 4
54 4 3 8 7
54 8 0 11 3
54 10 1 13 7
54 9 3 10 5
55 0 12 5 16
55 2 0 6 4
55 4 4 8 7
55 9 0 13 5
56 2 0 5 3
56 4 3 8 7
57 0 12 5 16
57 1 0 7 2
57 3 4 8 7
57 2 2 6 4
57 8 0 13 3
57 10 3 13 7
57 9 3 10 5
58 0 12 4 16
58 1 0 6 2
58 4 4 8 7
58 2 2 6 4
58 9 1 13 5
59 0 12 3 16
59 2 0 5 3
59 4 3 8 7
59 10 1 13 4
60 0 12 4 16
60 1 0 6 2
60 3 4 8 7
60 2 2 6 4
60 9 1 13 5
61 1 0 6 2
61 3 3 8 7
61 2 2 3 4
61 3 2 6 3
62 0 12 4 16
62 1 0 6 3
62 3 4 8 7
62 3 3 6 4
63 0 12 4 16
63 1 0 6 4
63 3 3 8 7
63 9 1 13 5
64 0 12 3 16
64 1 0 6 2
64 3 4 8 7
64 2 2 6 4
64 10 1 13 5
65 0 12 4 16
65 1 0 6 2
65 3 4 8 7
65 2 2 6 4
65 9 1 13 5
66 0 12 3 16
66 2 0 5 3
66 3 5 8 7
66 3 4 7 5
66 5 3 7 4
66 10 2 13 5
67 0 12 3 16
67 1 0 6 4
67 3 3 8 7
67 8 0 13 3
67 10 3 13 7
68 0 12 4 16
68 1 0 6 3
68 3 4 8 7
68 3 3 6 4
68 8 0 13 1
68 10 1 13 7
68 9 1 10 5
69 0 12 4 16
69 1 0 6 4
69 3 3 8 7
70 0 12 3 16
70 1 0 6 3
70 3 3 8 7
71 0 12 3 16
71 1 0 6 3
71 3 3 8 7
72 0 12 4 16
72 1 0 6 4
72 3 3 8 7
72 9 0 13 4
72 10 4 13 7
73 0 12 3 16
73 2 0 5 3
73 3 4 8 7
73 5 3 6 4
73 10 2 13 5
